Application	Display Factory Calibration Tool 3.3.0
Date	2030-02-02 16:32:30
DisplayManufacturerId	EDO
DisplayProductCode	4245
DisplaySerialNumber	
ComputerSerialNumber	INVALID
ComputerName	INVALID
Type	 Quality report
Initial Path Set	11
Iterative Grid Points	4

ProfileName	DCIP3
Whitepoint	D65
Gamma	2.6
Target Luminosity	160.104
Internal LUTs	false
Contrast Ratio	0
MHC2 Profile	true

RGB Normalized Target
0 0 0
45 0.0108169 0.0109989
66 0.0296187 0.0297721
69 0.033186 0.0334197
88 0.0623752 0.0629
100 0.0865546 0.0876992
110 0.112469 0.112361
133 0.18377 0.184081
135 0.193136 0.191365
157 0.282789 0.283357
171 0.352867 0.353822
181 0.410418 0.410166
205 0.566977 0.566964
208 0.588194 0.58879
230 0.766075 0.764694
255 1 1

### Quality section (deltaE) ###
dE2000 mean = 0.222495
dE2000 max  = 0.645216 at RGB = (52 145 170)

R	G	B	dE2000
125	99	86	0.0607173
209	139	80	0.167279
68	77	159	0.468723
247	245	240	0.058134
196	164	147	0.123818
92	108	172	0.336941
107	158	93	0.0683756
208	208	207	0.206702
115	136	165	0.411576
190	109	117	0.267525
169	73	78	0.142884
171	171	171	0.262061
111	122	87	0.354898
101	78	118	0.402498
231	204	89	0.215522
135	136	135	0.203107
144	142	181	0.241869
174	192	98	0.134765
183	105	158	0.0759314
100	100	100	0.2692
134	194	178	0.254726
221	172	88	0.185422
52	145	170	0.645216
69	69	70	0.154915
0	0	0	0
45	45	45	0.177957
66	66	66	0.350488
88	88	88	0.29231
110	110	110	0.151867
133	133	133	0.185319
157	157	157	0.306852
181	181	181	0.202592
205	205	205	0.0992628
230	230	230	0.0853783
255	255	255	0
--------------------
255	0	0	0.280692
0	255	0	1.05243
0	0	255	3.42957

  R    G    B      X         Y         Z         Y         x         y              
  125   99   86   17.3063   15.5455   10.2421   15.5455  0.401595  0.360735         
  209  139   80   55.6425   44.4613    9.5953   44.4613  0.507228  0.405302         
   68   77  159   13.0836   9.25412    47.939   9.25412  0.186173  0.131681         
  247  245  240   133.714   140.659   145.496   140.659  0.318466  0.335007         
  196  164  147   58.8932   55.2504   41.3271   55.2504  0.378806  0.355375         
   92  108  172   20.5797   18.2249   58.8975   18.2249  0.210637  0.186536         
  107  158   93   22.0661   35.6546   13.7539   35.6546  0.308726  0.498844         
  208  208  207   86.9704   91.6457   98.6448   91.6457  0.313677   0.33054         
  115  136  165   27.5015   29.2562   53.6725   29.2562   0.24904   0.26493         
  190  109  117   44.0329   30.2099   22.6738   30.2099  0.454338   0.31171         
  169   73   78   28.8809   16.9461   7.79726   16.9461  0.538579  0.316015         
  171  171  171   52.2277   54.9798   59.8725   54.9798  0.312591  0.329063         
  111  122   87    16.724   20.8513   10.8805   20.8513  0.345138  0.430316         
  101   78  118   12.8076   9.73094    22.546   9.73094  0.284079  0.215838         
  231  204   89   84.5546   89.4832   14.4864   89.4832  0.448508  0.474651         
  135  136  135   28.3689   30.0923   32.3538   30.0923  0.312381  0.331358         
  144  142  181   38.6334   36.4166   68.2273   36.4166  0.269641  0.254169         
  174  192   98    50.576   66.0099    16.808   66.0099  0.379148   0.49485         
  183  105  158   44.9607   29.2787   47.6156   29.2787  0.368969  0.240275         
  100  100  100    12.812    13.486    14.737    13.486  0.312221  0.328646         
  134  194  178   46.3484   64.2997   67.1384   64.2997  0.260697  0.361668         
  221  172   88   69.6581   64.4863   12.7595   64.4863  0.474175  0.438969         
   52  145  170   20.8941    29.255   58.0021    29.255  0.193193  0.270501         
   69   69   70    4.9427   5.17067   5.78752   5.17067  0.310844  0.325181         
    0    0    0         0         0         0         0       nan       nan         
   45   45   45   1.61358   1.68536    1.8216   1.68536  0.315119  0.329137         
   66   66   66   4.40923   4.61485   5.03814   4.61485  0.313552  0.328173         
   88   88   88   9.24919    9.7186   10.6935    9.7186  0.311827  0.327653         
  110  110  110   16.6722   17.5236   19.1662   17.5236  0.312436  0.328391         
  133  133  133   27.2116    28.633   31.1212    28.633    0.3129  0.329244         
  157  157  157   41.8805    44.061   48.2696    44.061   0.31205  0.328296         
  181  181  181   60.7834   63.9467   69.5305   63.9467  0.312896   0.32918         
  205  205  205   84.0103   88.3399   96.2619   88.3399  0.312757  0.328875         
  230  230  230   113.533   119.361   129.913   119.361  0.312929  0.328994         
  255  255  255   148.241   155.809   169.705   155.809  0.312907   0.32888         
  255    0    0   76.1827   35.7099  0.092645   35.7099  0.680293   0.31888         
    0  255    0   38.3766   106.654   5.44757   106.654  0.255032  0.708767         
    0    0  255   28.8842   9.83074   162.595   9.83074  0.143481 0.0488338         
