Application	Display Factory Calibration Tool 3.3.0
Date	2030-02-02 16:33:08
DisplayManufacturerId	EDO
DisplayProductCode	4245
DisplaySerialNumber	
ComputerSerialNumber	INVALID
ComputerName	INVALID
Type	 Quality report
Initial Path Set	11
Iterative Grid Points	4

ProfileName	Default
Whitepoint	D65
Gamma	2.2
Target Luminosity	160.104
Internal LUTs	false
Contrast Ratio	0
MHC2 Profile	false

RGB Normalized Target
0 0 0
17 0.0029382 0.00258583
34 0.0117383 0.0118813
51 0.0282435 0.0289912
68 0.0546062 0.0545923
85 0.0880523 0.0891935
102 0.134163 0.133209
119 0.185804 0.186989
136 0.250783 0.25084
153 0.323113 0.325037
170 0.408869 0.409826
187 0.50638 0.505432
204 0.614723 0.612066
221 0.732176 0.729919
238 0.861196 0.859174
255 1 1

### Quality section (deltaE) ###
dE2000 mean = 0.490049
dE2000 max  = 1.1898 at RGB = (17 17 17)

R	G	B	dE2000
0	0	0	8.87039e-05
17	17	17	1.1898
34	34	34	0.288214
51	51	51	0.33251
68	68	68	0.112157
85	85	85	0.701137
102	102	102	0.500032
119	119	119	0.311554
136	136	136	0.805831
153	153	153	0.37233
170	170	170	0.60045
187	187	187	0.435524
204	204	204	0.903251
221	221	221	0.292109
238	238	238	0.505752
255	255	255	0.274879

  R    G    B      X         Y         Z         Y         x         y              
    0    0    0         0         0         0         0       nan       nan         
   17   17   17  0.464191  0.457679  0.453026  0.457679  0.337619  0.332883         
   34   34   34   1.73475   1.82846   1.96071   1.82846  0.314044  0.331008         
   51   51   51    4.1745   4.39944   4.75396   4.39944  0.313215  0.330093         
   68   68   68   8.08616   8.50593   9.29329   8.50593  0.312383    0.3286         
   85   85   85   13.1289   13.7158   14.8777   13.7158  0.314673  0.328739         
  102  102  102    19.957   20.8984   22.8305   20.8984  0.313366  0.328148         
  119  119  119   27.5806   28.9423   31.6497   28.9423  0.312802  0.328246         
  136  136  136   37.3446   39.0641   42.8633   39.0641  0.313105  0.327521         
  153  153  153   47.9727   50.3308     54.62   50.3308  0.313704  0.329124         
  170  170  170   60.7905   63.6888    69.475   63.6888  0.313427   0.32837         
  187  187  187   74.9989    78.878     85.22    78.878  0.313676    0.3299         
  204  204  204   90.7157   95.7545   103.978   95.7545   0.31233  0.329678         
  221  221  221   108.454    114.05   124.744    114.05  0.312326  0.328439         
  238  238  238   127.378   134.147   145.626   134.147  0.312852  0.329477         
  255  255  255     148.2   155.768    169.63   155.768  0.312923  0.328904         
  255    0    0   85.1914   39.8189 0.0922009   39.8189  0.680973   0.31829         
    0  255    0   34.1177   106.373   4.76739   106.373  0.234877  0.732303         
    0    0  255    27.784   8.53684   162.534   8.53684   0.13972   0.04293         
