Application	Display Factory Calibration Tool 3.3.0
Date	2030-02-02 16:32:15
DisplayManufacturerId	EDO
DisplayProductCode	4245
DisplaySerialNumber	
ComputerSerialNumber	INVALID
ComputerName	INVALID
Type	 Quality report
Initial Path Set	11
Iterative Grid Points	4

ProfileName	DisplayP3
Whitepoint	D65
Gamma	sRGB
Target Luminosity	160.104
Internal LUTs	false
Contrast Ratio	0
MHC2 Profile	true

RGB Normalized Target
0 0 0
27 0.0112272 0.00715504
48 0.0291998 0.0253713
51 0.0327032 0.0289912
71 0.062632 0.0600316
83 0.0872392 0.0846415
94 0.11211 0.111299
119 0.184252 0.186989
121 0.192363 0.193972
145 0.282418 0.288816
160 0.350775 0.358654
171 0.407054 0.415148
198 0.564468 0.573159
201 0.584187 0.592438
226 0.761471 0.766744
255 1 1

### Quality section (deltaE) ###
dE2000 mean = 0.234291
dE2000 max  = 0.656502 at RGB = (27 28 28)

R	G	B	dE2000
110	83	69	0.244146
202	126	62	0.224765
50	59	147	0.244801
246	244	238	0.194799
188	153	134	0.383636
76	92	162	0.205685
91	146	77	0.108086
201	201	201	0.224549
99	122	154	0.450137
182	93	102	0.327135
159	56	61	0.097918
160	160	160	0.24549
95	108	70	0.225512
85	60	103	0.404425
228	197	72	0.230915
121	122	122	0.397538
131	129	172	0.129849
164	184	82	0.0972829
173	89	146	0.0929483
83	84	84	0.198045
120	186	168	0.10629
216	161	71	0.348709
34	131	160	0.156534
51	51	52	0.275431
0	0	0	0
27	28	28	0.656502
48	48	48	0.416167
71	71	71	0.203954
94	94	94	0.263637
119	119	119	0.0666324
145	145	145	0.349331
171	171	171	0.0697594
198	198	198	0.232486
226	226	226	0.0928053
255	255	255	0
--------------------
255	0	0	0.808663
0	255	0	0.156013
0	0	255	0.660882

  R    G    B      X         Y         Z         Y         x         y              
  110   83   69    17.392   15.7016   10.3361   15.7016  0.400464  0.361541         
  202  126   62    55.463   44.6445   9.52888   44.6445  0.505882  0.407205         
   50   59  147   13.1989    9.3454    48.021    9.3454  0.187046  0.132436         
  246  244  238   134.103   141.284   145.881   141.284  0.318331  0.335378         
  188  153  134   58.9209   55.3454   41.3329   55.3454  0.378671  0.355692         
   76   92  162   20.8964   18.3877   59.3187   18.3877  0.211925  0.186483         
   91  146   77   22.2545   35.7352   14.1153   35.7352   0.30864    0.4956         
  201  201  201   86.7319   91.1795   99.3061   91.1795  0.312866   0.32891         
   99  122  154   27.4541   29.2421   53.6912   29.2421  0.248707  0.264905         
  182   93  102   44.5345   30.4484   22.9155   30.4484  0.454905   0.31102         
  159   56   61   29.3806   17.2779   7.94034   17.2779  0.538118  0.316452         
  160  160  160   51.9559   54.7488   59.6516   54.7488  0.312317  0.329106         
   95  108   70   16.8232   21.1493    10.973   21.1493  0.343713  0.432098         
   85   60  103   12.8993    9.6905   22.6871    9.6905  0.284897  0.214028         
  228  197   72   84.9327   89.6611   14.8478   89.6611  0.448332  0.473292         
  121  122  122   28.4431   30.0239   32.9745   30.0239  0.311053   0.32834         
  131  129  172   38.9476   36.7585   68.6285   36.7585  0.269842  0.254676         
  164  184   82   50.9016   66.2764   17.1955   66.2764  0.378807  0.493225         
  173   89  146    44.897   29.3844     47.63   29.3844  0.368276  0.241031         
   83   84   84   12.8535   13.6162   14.9556   13.6162  0.310281  0.328693         
  120  186  168   46.5796   64.4127   67.1399   64.4127  0.261489    0.3616         
  216  161   71    69.667   64.3602    13.009   64.3602  0.473808  0.437717         
   34  131  160   21.3552   29.2248   58.5525   29.2248  0.195681  0.267792         
   51   51   52   4.85888   5.10429   5.73768   5.10429  0.309466  0.325097         
    0    0    0         0         0         0         0       nan       nan         
   27   28   28   1.65937   1.75233   1.95985   1.75233  0.308918  0.326224         
   48   48   48   4.35339   4.55749   4.96847   4.55749  0.313659  0.328365         
   71   71   71   9.29696   9.77557   10.6962   9.77557  0.312306  0.328384         
   94   94   94   16.6069   17.4981   19.1247   17.4981  0.311985  0.328729         
  119  119  119   27.3284    28.758   31.2243    28.758  0.313002  0.329375         
  145  145  145   41.9055   44.0797   48.2823   44.0797  0.312105  0.328298         
  171  171  171   60.3949   63.5328    69.128   63.5328  0.312837  0.329091         
  198  198  198   83.8061   88.1019   95.9737   88.1019  0.312848  0.328883         
  226  226  226   112.908    118.85   129.317    118.85  0.312699  0.329156         
  255  255  255   148.319   156.079   169.681   156.079  0.312857  0.329226         
  255    0    0   77.5852   36.8739  0.245851   36.8739  0.676389  0.321467         
    0  255    0   41.7268   108.656   7.19571   108.656    0.2648  0.689536         
    0    0  255   30.5124   11.8595   162.588   11.8595   0.14887 0.0578629         
