Application	Display Factory Calibration Tool 3.3.0
Date	2030-02-02 16:31:45
DisplayManufacturerId	EDO
DisplayProductCode	4245
DisplaySerialNumber	
ComputerSerialNumber	INVALID
ComputerName	INVALID
Type	 Quality report
Initial Path Set	11
Iterative Grid Points	4

ProfileName	Native
Whitepoint	D65
Gamma	Native
Target Luminosity	160.104
Internal LUTs	false
Contrast Ratio	0
MHC2 Profile	false

RGB Normalized Target
0 0 0
30 0.00909833 0.00902149
51 0.0283213 0.0289912
53 0.0315925 0.0315514
73 0.061041 0.0638149
86 0.0861905 0.0915184
97 0.114554 0.119264
121 0.18561 0.193972
123 0.194422 0.201096
146 0.281565 0.293216
162 0.353289 0.368591
173 0.406798 0.425905
199 0.56243 0.579547
202 0.582005 0.598942
227 0.761325 0.774227
255 1 1

### Quality section (deltaE) ###
dE2000 mean = 0.383378
dE2000 max  = 1.41199 at RGB = (30 30 30)

R	G	B	dE2000
110	85	72	0.540097
197	127	66	0.609286
59	66	148	0.427064
246	244	238	0.128302
186	154	136	0.231368
83	97	162	0.386272
99	147	81	0.382339
202	202	202	0.548965
105	125	155	0.365319
176	96	104	0.216664
154	59	63	0.434809
162	162	162	0.259757
98	109	73	0.604596
86	64	105	0.698336
224	196	78	0.165554
123	124	124	0.154481
134	132	173	0.167819
166	184	87	0.200701
169	94	147	0.171143
86	86	86	0.358316
130	187	170	0.348632
211	162	75	0.312681
60	134	161	0.286774
53	54	54	0.593834
0	0	0	0
30	30	30	1.41199
51	51	51	0.728324
73	73	73	0.321482
97	97	97	0.189947
121	121	121	0.217976
146	146	146	0.238263
173	172	173	0.575522
199	199	199	0.541503
227	227	227	0.216754
255	255	255	0
--------------------
255	0	0	0.685763
0	255	0	0.266607
0	0	255	0.176158

  R    G    B      X         Y         Z         Y         x         y              
  110   85   72   17.7456   15.9914   10.6205   15.9914  0.400058  0.360511         
  197  127   66   56.3001    45.583   9.52583    45.583  0.505347   0.40915         
   59   66  148   13.6208   9.61911   50.6074   9.61911  0.184445  0.130257         
  246  244  238   135.755   144.311    151.04   144.311  0.314899  0.334746         
  186  154  136   59.8459   56.6392   43.2543   56.6392  0.374647  0.354572         
   83   97  162    21.404   19.1209   61.9309   19.1209   0.20891  0.186626         
   99  147   81   22.7402   37.2864   14.4327   37.2864  0.305404  0.500762         
  202  202  202   87.9164   93.1826   104.027   93.1826  0.308342  0.326812         
  105  125  155   28.3258   30.4648   56.4843   30.4648  0.245724   0.26428         
  176   96  104   44.6503   30.7371   23.7876   30.7371  0.450217  0.309928         
  154   59   63   29.7914   17.3474   7.82017   17.3474  0.542066  0.315642         
  162  162  162   53.2677   56.5637   63.0178   56.5637  0.308175  0.327243         
   98  109   73   17.0872   21.7303    11.176   21.7303  0.341788  0.434663         
   86   64  105    13.065   9.76847   23.9611   9.76847  0.279199  0.208752         
  224  196   78   85.1618   90.9597   14.8109   90.9597  0.446031  0.476397         
  123  124  124   29.1695   31.1281   34.7124   31.1281  0.307015   0.32763         
  134  132  173   40.0555   37.9409   72.4472   37.9409   0.26625  0.252193         
  166  184   87   51.5317   68.1996   17.5866   68.1996  0.375273  0.496655         
  169   94  147   45.6318   29.9441   50.0658   29.9441   0.36319  0.238329         
   86   86   86   12.9744   13.7996   15.2149   13.7996  0.308996  0.328649         
  130  187  170   47.6536   66.4938   70.8701   66.4938  0.257562  0.359392         
  211  162   75   70.0852   65.8878     12.84   65.8878  0.470961  0.442756         
   60  134  161    22.069   30.6634   61.6248   30.6634  0.192983  0.268137         
   53   54   54    4.6903   5.05816   5.59895   5.05816  0.305609  0.329577         
    0    0    0         0         0         0         0       nan       nan         
   30   30   30   1.34978    1.4567    1.6022    1.4567  0.306165  0.330416         
   51   51   51    4.2433   4.53441   4.97702   4.53441  0.308498  0.329662         
   73   73   73   9.18564   9.77303   10.7835   9.77303  0.308842  0.328592         
   97   97   97    17.261   18.3407   20.2628   18.3407   0.30898  0.328307         
  121  121  121   28.0119   29.7173   32.8697   29.7173  0.309186   0.32801         
  146  146  146   42.4357   45.0803   50.1303   45.0803  0.308295  0.327508         
  173  172  173   61.8663   65.1308   73.4125   65.1308  0.308699  0.324989         
  199  199  199   84.9694   90.0485   100.486   90.0485  0.308415   0.32685         
  227  227  227   114.839   121.893   135.488   121.893  0.308525  0.327475         
  255  255  255   150.802   160.106   177.397   160.106  0.308828  0.327881         
  255    0    0   85.1954   39.8215 0.0922046   39.8215  0.680969  0.318294         
    0  255    0   35.3173    110.12   4.93794    110.12  0.234861  0.732301         
    0    0  255    29.079   8.93424   170.095   8.93424   0.13973 0.0429306         
