Application	Display Factory Calibration Tool 3.3.0
Date	2030-02-02 16:33:00
DisplayManufacturerId	EDO
DisplayProductCode	4245
DisplaySerialNumber	
ComputerSerialNumber	INVALID
ComputerName	INVALID
Type	 Quality report
Initial Path Set	11
Iterative Grid Points	4

ProfileName	REC709
Whitepoint	D65
Gamma	BT.1886
Target Luminosity	160.104
Internal LUTs	false
Contrast Ratio	0
MHC2 Profile	true

RGB Normalized Target
0 0 0
39 0.0109914 0.0110372
59 0.0295896 0.0298091
61 0.0327838 0.032292
80 0.0613902 0.0619041
92 0.0874275 0.0865754
103 0.113466 0.113531
126 0.183709 0.184159
128 0.192626 0.191253
150 0.279589 0.279848
165 0.35147 0.351775
175 0.405613 0.40513
201 0.565399 0.564903
204 0.586065 0.58535
228 0.767563 0.764447
255 1 1

### Quality section (deltaE) ###
dE2000 mean = 0.279742
dE2000 max  = 1.11808 at RGB = (0 140 168)

R	G	B	dE2000
123	90	77	0.159185
217	128	55	0.416899
59	70	158	0.256894
247	244	238	0.0600776
198	156	138	0.0850919
81	101	171	0.204176
80	154	77	0.250625
204	204	203	0.345156
102	129	162	0.239572
198	95	108	0.261692
177	56	67	0.380795
165	165	165	0.227858
100	116	75	0.297736
98	69	114	0.452702
235	199	40	0.692766
128	129	128	0.206937
137	135	179	0.130135
164	189	72	0.349843
190	92	155	0.187923
92	93	93	0.18386
105	192	171	0.285733
228	163	57	0.405289
0	140	168	1.11808
61	62	62	0.207252
0	0	0	0
39	39	39	0.269795
59	59	59	0.377812
80	80	80	0.274372
103	103	103	0.244161
126	126	126	0.109561
150	150	150	0.269633
175	175	175	0.142882
201	201	201	0.0194343
228	228	228	0.397314
255	255	255	0
--------------------
255	0	0	2.73523
0	255	0	1.07278
0	0	255	2.22483

  R    G    B      X         Y         Z         Y         x         y              
  123   90   77   17.3971   15.5451   10.3979   15.5451  0.401409  0.358678         
  217  128   55   55.0709   44.1355   8.96493   44.1355  0.509108  0.408015         
   59   70  158   13.2358   9.41465   47.9556   9.41465   0.18746  0.133341         
  247  244  238   133.821   140.714    145.23   140.714  0.318799  0.335222         
  198  156  138   58.6866   54.9423   41.4367   54.9423  0.378463  0.354317         
   81  101  171   20.7285   18.3354   58.6769   18.3354  0.212076  0.187592         
   80  154   77   22.0318   35.9135   13.8534   35.9135  0.306855  0.500197         
  204  204  203   86.6181   91.3211   98.4457   91.3211  0.313397  0.330413         
  102  129  162   27.4241   29.0542   53.6477   29.0542  0.249025  0.263827         
  198   95  108   43.7861    29.847   22.4788    29.847  0.455574  0.310544         
  177   56   67    28.955   16.8349   7.59255   16.8349  0.542407  0.315364         
  165  165  165   52.0313   54.7663   59.6319   54.7663  0.312633  0.329066         
  100  116   75   16.7263   21.0475   10.8773   21.0475  0.343802  0.432621         
   98   69  114   12.8542   9.65726   22.8209   9.65726  0.283555  0.213032         
  235  199   40   84.2877   89.3261     13.14   89.3261  0.451331  0.478309         
  128  129  128   28.4005   30.0151   32.3446   30.0151  0.312918  0.330708         
  137  135  179   38.4745   36.3416   67.9489   36.3416  0.269495  0.254555         
  164  189   72    50.784   66.4867   16.6063   66.4867  0.379333  0.496625         
  190   92  155   44.8886   29.2256   47.9876   29.2256  0.367633  0.239355         
   92   93   93   12.8804    13.623   14.9421    13.623  0.310779  0.328697         
  105  192  171   46.3316   64.5828   66.4609   64.5828  0.261207  0.364103         
  228  163   57   69.2151   63.8189   12.0703   63.8189  0.477002  0.439814         
    0  140  168   22.5212   29.9111   58.6002   29.9111  0.202834  0.269391         
   61   62   62   4.81967    5.1084   5.63203    5.1084  0.309745  0.328301         
    0    0    0         0         0         0         0       nan       nan         
   39   39   39   1.64207   1.71269   1.86305   1.71269  0.314705  0.328239         
   59   59   59   4.40627   4.61067   5.03439   4.61067  0.313584  0.328131         
   80   80   80   9.10651   9.56587   10.5138   9.56587  0.312014  0.327753         
  103  103  103   16.8534   17.6803   19.3179   17.6803   0.31296  0.328315         
  126  126  126   27.2212   28.6257   31.2038   28.6257  0.312705  0.328839         
  150  150  150   41.4085   43.5657    47.683   43.5657  0.312147  0.328408         
  175  175  175   60.1766    63.203   68.8488    63.203  0.313047  0.328791         
  201  201  201   83.8115   88.1009   95.9614   88.1009  0.312877  0.328889         
  228  228  228   113.607   119.602   129.925   119.602  0.312852  0.329361         
  255  255  255   148.244   155.821   169.707   155.821  0.312902  0.328894         
  255    0    0   63.4903   31.7271   1.55726   31.7271  0.656063  0.327845         
    0  255    0    53.014   110.362   15.4789   110.362  0.296409  0.617047         
    0    0  255   26.8393   9.66234   147.853   9.66234  0.145585 0.0524119         
