Application	Display Factory Calibration Tool 3.3.0
Date	2030-02-02 16:32:45
DisplayManufacturerId	EDO
DisplayProductCode	4245
DisplaySerialNumber	
ComputerSerialNumber	INVALID
ComputerName	INVALID
Type	 Quality report
Initial Path Set	11
Iterative Grid Points	4

ProfileName	sRGB
Whitepoint	D65
Gamma	sRGB
Target Luminosity	160.104
Internal LUTs	false
Contrast Ratio	0
MHC2 Profile	true

RGB Normalized Target
0 0 0
27 0.011248 0.00715504
48 0.0291635 0.0253713
51 0.0326685 0.0289912
71 0.0625921 0.0600316
83 0.0871747 0.0846415
94 0.112047 0.111299
119 0.184096 0.186989
121 0.192313 0.193972
145 0.282207 0.288816
160 0.350564 0.358654
171 0.406931 0.415148
198 0.564287 0.573159
201 0.583745 0.592438
226 0.761198 0.766744
255 1 1

### Quality section (deltaE) ###
dE2000 mean = 0.186488
dE2000 max  = 0.425427 at RGB = (48 48 48)

R	G	B	dE2000
115	81	67	0.263274
215	121	44	0.144779
48	60	152	0.211443
246	244	237	0.194501
195	151	131	0.108371
71	92	167	0.141422
71	148	67	0.162452
201	201	200	0.131818
93	123	157	0.282796
195	86	100	0.24079
172	45	57	0.0199503
160	160	160	0.2718
92	108	65	0.222249
89	59	106	0.351511
234	196	28	0.196209
121	122	121	0.265467
131	128	175	0.116826
159	185	62	0.0583991
186	83	149	0.0739911
83	84	84	0.24747
97	189	167	0.111394
227	158	46	0.241499
0	134	163	0.0906272
51	51	52	0.198969
0	0	0	0
27	28	28	0.414305
48	48	48	0.425427
71	71	71	0.123329
94	94	94	0.233873
119	119	119	0.149302
145	145	145	0.272431
171	171	171	0.0620653
198	198	198	0.159903
226	226	226	0.151943
255	255	255	2.2204e-14
--------------------
255	0	0	0.369705
0	255	0	0.014063
0	0	255	0.228725

  R    G    B      X         Y         Z         Y         x         y              
  115   81   67   17.2295   15.4561   10.3107   15.4561   0.40072  0.359476         
  215  121   44   55.4449   44.3726   9.36364   44.3726  0.507825  0.406413         
   48   60  152   13.2576   9.48112   47.6618   9.48112  0.188317  0.134674         
  246  244  237   133.854   141.183   145.284   141.183  0.318457  0.335893         
  195  151  131   58.8552   55.2314    41.128   55.2314  0.379186  0.355839         
   71   92  167   20.7815   18.3004   59.3253   18.3004  0.211178  0.185966         
   71  148   67   22.2305   35.7996   13.9029   35.7996  0.309045   0.49768         
  201  201  200   86.5356   91.1286    98.192   91.1286  0.313698  0.330348         
   93  123  157   27.6086   29.4704   53.8271   29.4704  0.248937  0.265724         
  195   86  100   44.0727   30.0555   22.6582   30.0555   0.45536  0.310534         
  172   45   57   29.1356   17.0668   7.80101   17.0668  0.539514  0.316032         
  160  160  160   51.9342   54.7267   59.6394   54.7267  0.312292  0.329084         
   92  108   65   16.7728   20.9949   10.8885   20.9949  0.344721  0.431495         
   89   59  106   12.8755   9.74568    22.811   9.74568  0.283401   0.21451         
  234  196   28   84.7131   89.5609   14.4821   89.5609  0.448797  0.474479         
  121  122  121   28.4079   30.0221   32.3515   30.0221  0.312926  0.330707         
  131  128  175   38.5884   36.2949   68.2197   36.2949  0.269655  0.253628         
  159  185   62   50.8307    66.343   17.2008    66.343  0.378276  0.493717         
  186   83  149   44.8942    29.302   47.8215    29.302  0.367932  0.240145         
   83   84   84   12.8466   13.6089   14.9487   13.6089  0.310273  0.328684         
   97  189  167   46.9285   65.1399   66.9728   65.1399   0.26211  0.363826         
  227  158   46   69.6888   64.1549   12.7464   64.1549  0.475399  0.437648         
    0  134  163   23.5256   30.6475    58.604   30.6475  0.208603  0.271753         
   51   51   52   4.85999   5.09989   5.73293   5.09989  0.309695  0.324982         
    0    0    0         0         0         0         0       nan       nan         
   27   28   28   1.66267   1.75593   1.93694   1.75593  0.310457  0.327873         
   48   48   48   4.35047   4.55273   4.96327   4.55273  0.313741  0.328326         
   71   71   71   9.29119   9.77127   10.6742   9.77127  0.312449  0.328593         
   94   94   94   16.6102   17.4916   19.1574   17.4916  0.311874  0.328424         
  119  119  119   27.2978   28.7393   31.2205   28.7393  0.312842  0.329361         
  145  145  145   41.8825   44.0555   48.2614   44.0555  0.312092  0.328284         
  171  171  171   60.3912    63.526    69.129    63.526  0.312833  0.329071         
  198  198  198   83.7942    88.091   95.9544    88.091  0.312852  0.328895         
  226  226  226   112.878   118.831   129.283   118.831  0.312689  0.329178         
  255  255  255   148.381    156.11   170.037    156.11  0.312692   0.32898         
  255    0    0   65.0354   33.5966   2.97677   33.5966  0.640057  0.330647         
    0  255    0   55.8706   111.717   18.6245   111.717  0.300037  0.599945         
    0    0  255   28.2239   11.1557     149.1   11.1557  0.149745  0.059188         
