Application	Display Factory Calibration Tool 3.3.0
Date	2030-02-02 16:32:00
DisplayManufacturerId	EDO
DisplayProductCode	4245
DisplaySerialNumber	
ComputerSerialNumber	INVALID
ComputerName	INVALID
Type	 Quality report
Initial Path Set	11
Iterative Grid Points	4

ProfileName	AdobeRGB
Whitepoint	D65
Gamma	2.2
Target Luminosity	160.104
Internal LUTs	false
Contrast Ratio	0
MHC2 Profile	true

RGB Normalized Target
0 0 0
33 0.0108426 0.0111261
52 0.0298479 0.0302565
54 0.0323902 0.0328759
72 0.0613404 0.0619075
84 0.0876218 0.0869013
94 0.113409 0.111299
118 0.182858 0.183549
120 0.192168 0.190463
143 0.280273 0.280124
159 0.352314 0.353741
170 0.409818 0.409826
197 0.566115 0.56681
200 0.585431 0.585973
226 0.768735 0.766744
255 1 1

### Quality section (deltaE) ###
dE2000 mean = 0.267087
dE2000 max  = 0.705199 at RGB = (148 49 59)

R	G	B	dE2000
107	82	69	0.35356
193	120	54	0.410362
55	62	148	0.121324
245	243	237	0.251112
183	149	131	0.438666
79	93	163	0.158923
101	147	74	0.348419
200	200	199	0.0857011
103	122	154	0.303632
171	87	100	0.582588
148	49	59	0.705199
159	159	159	0.0931256
97	108	69	0.257766
83	61	104	0.483599
223	194	55	0.23047
120	121	121	0.118587
129	128	172	0.169203
166	184	74	0.165309
164	84	146	0.632636
84	85	85	0.15277
131	187	166	0.274274
209	157	59	0.337857
62	133	160	0.347332
54	54	55	0.191673
0	0	0	0
33	33	33	0.433352
52	52	52	0.363557
72	72	72	0.149399
94	95	95	0.221642
118	118	118	0.290502
143	143	143	0.124904
170	170	170	0.100513
197	197	197	0.0926326
226	226	226	0.0903851
255	255	255	2.2204e-14
--------------------
255	0	0	2.78736
0	255	0	1.91571
0	0	255	1.23741

  R    G    B      X         Y         Z         Y         x         y              
  107   82   69   17.2623   15.4295   10.1619   15.4295   0.40282   0.36005         
  193  120   54   54.9567   43.6477   9.07558   43.6477  0.510371  0.405346         
   55   62  148   13.2142   9.43662   47.4279   9.43662  0.188562  0.134657         
  245  243  237   133.754   140.711   145.591   140.711   0.31842  0.334982         
  183  149  131   58.8286   54.7508   41.1543   54.7508  0.380193  0.353839         
   79   93  163   20.8823   18.5522   59.1991   18.5522  0.211716  0.188092         
  101  147   74   22.7562   36.4234   14.2332   36.4234  0.309976  0.496146         
  200  200  199   86.7612   91.4067   98.5165   91.4067  0.313574  0.330365         
  103  122  154   27.7782    29.566   53.7235    29.566  0.250102  0.266198         
  171   87  100   43.4249   29.4012   22.3568   29.4012  0.456226  0.308892         
  148   49   59   28.4987   16.4389   7.34471   16.4389  0.545092  0.314426         
  159  159  159   52.2664   55.0089   59.9153   55.0089  0.312616  0.329019         
   97  108   69   16.8389   21.1666   10.9227   21.1666  0.344155  0.432606         
   83   61  104    12.802   9.58177   22.5822   9.58177  0.284703  0.213089         
  223  194   55   84.3453   88.8798   14.4681   88.8798  0.449379  0.473538         
  120  121  121   28.3711   30.0043   32.8347   30.0043  0.311053  0.328958         
  129  128  172   38.6471   36.5973   68.4675   36.5973  0.268921  0.254658         
  166  184   74   51.4963   67.0738   17.4614   67.0738  0.378561  0.493076         
  164   84  146   44.6257   28.8142   47.6493   28.8142  0.368536  0.237959         
   84   85   85   12.8936   13.6809   15.0475   13.6809  0.309779  0.328694         
  131  187  166   47.3768   65.4085   67.0329   65.4085   0.26347  0.363748         
  209  157   59   69.2947   63.8787   12.3875   63.8787  0.476053  0.438845         
   62  133  160   21.8341   30.0549   58.4719   30.0549  0.197843  0.272333         
   54   54   55   4.83779   5.05728   5.69206   5.05728  0.310371  0.324452         
    0    0    0         0         0         0         0       nan       nan         
   33   33   33   1.62987   1.69292   1.83488   1.69292  0.316008  0.328234         
   52   52   52   4.44963   4.66033    5.0728   4.66033  0.313735  0.328591         
   72   72   72   9.10986   9.57743   10.4617   9.57743  0.312527  0.328568         
   94   95   95    16.682   17.7071   19.3685   17.7071  0.310318  0.329388         
  118  118  118   27.1857   28.5507   31.1326   28.5507  0.312951  0.328664         
  143  143  143   41.5645   43.7607   47.7417   43.7607  0.312358  0.328863         
  170  170  170   60.8224   63.9872   69.5765   63.9872  0.312895  0.329176         
  197  197  197   84.0427   88.3908    96.297   88.3908   0.31274   0.32892         
  226  226  226     114.1   120.027   130.705   120.027  0.312746  0.328993         
  255  255  255   148.391   156.136   170.082   156.136   0.31266  0.328978         
  255    0    0   88.8259   44.3715   2.18751   44.3715  0.656099  0.327743         
    0  255    0   34.2296   103.081   12.1454   103.081  0.229028  0.689708         
    0    0  255   28.7379   10.8601   154.994   10.8601  0.147683 0.0558097         
